<?xml version="1.0"?>
<opencv_storage>
<rvec type_id="opencv-matrix">
  <rows>3</rows>
  <cols>1</cols>
  <dt>d</dt>
  <data>
    -6.7451339145693190e-01 1.8525855163803021e-01
    1.0188977521181264e+00</data></rvec>
<tvec type_id="opencv-matrix">
  <rows>3</rows>
  <cols>1</cols>
  <dt>d</dt>
  <data>
    6.7498526378736017e+00 7.0332232042913336e+00 9.7175924343462341e+01</data></tvec>
<rotation_matrix type_id="opencv-matrix">
  <rows>3</rows>
  <cols>3</cols>
  <dt>d</dt>
  <data>
    5.2863714558707731e-01 -8.3353854838407182e-01
    -1.6048755921666166e-01 7.2369673901020226e-01
    3.4375829135096131e-01 5.9840894635146169e-01
    -4.4362799534243358e-01 -4.3248552054981193e-01
    7.8495253121651376e-01</data></rotation_matrix>
<rtMat type_id="opencv-matrix">
  <rows>3</rows>
  <cols>4</cols>
  <dt>d</dt>
  <data>
    5.2863714558707731e-01 -8.3353854838407182e-01
    -1.6048755921666166e-01 6.7498526378736017e+00
    7.2369673901020226e-01 3.4375829135096131e-01 5.9840894635146169e-01
    7.0332232042913336e+00 -4.4362799534243358e-01
    -4.3248552054981193e-01 7.8495253121651376e-01
    9.7175924343462341e+01</data></rtMat>
</opencv_storage>
