<?xml version="1.0"?>
<opencv_storage>
<rvec type_id="opencv-matrix">
  <rows>3</rows>
  <cols>1</cols>
  <dt>d</dt>
  <data>
    -1.3443909097131812e-01 7.7511738795735330e-01
    2.1264257975024257e+00</data></rvec>
<tvec type_id="opencv-matrix">
  <rows>3</rows>
  <cols>1</cols>
  <dt>d</dt>
  <data>
    -2.4946911915379091e+00 1.4300716851004147e-01
    9.1418467629465113e+01</data></tvec>
<rotation_matrix type_id="opencv-matrix">
  <rows>3</rows>
  <cols>3</cols>
  <dt>d</dt>
  <data>
    -6.3575429423180707e-01 -7.5272075398918004e-01
    1.7096181994754689e-01 6.8616897274442845e-01
    -4.4967145420566379e-01 5.7181091640105985e-01
    -3.5353729394318933e-01 4.8083994196252483e-01
    8.0237418453287968e-01</data></rotation_matrix>
<rtMat type_id="opencv-matrix">
  <rows>3</rows>
  <cols>4</cols>
  <dt>d</dt>
  <data>
    -6.3575429423180707e-01 -7.5272075398918004e-01
    1.7096181994754689e-01 -2.4946911915379091e+00
    6.8616897274442845e-01 -4.4967145420566379e-01
    5.7181091640105985e-01 1.4300716851004147e-01
    -3.5353729394318933e-01 4.8083994196252483e-01
    8.0237418453287968e-01 9.1418467629465113e+01</data></rtMat>
</opencv_storage>
