<?xml version="1.0"?>
<opencv_storage>
<calibration_time>"Tue Mar 10 13:28:32 2020"</calibration_time>
<nr_of_frames>25</nr_of_frames>
<image_width>1080</image_width>
<image_height>1080</image_height>
<board_width>9</board_width>
<board_height>7</board_height>
<square_size>1.6000000238418579e+00</square_size>
<fix_aspect_ratio>1.</fix_aspect_ratio>
<!-- flags: +fix_aspectRatio +fix_principal_point +zero_tangent_dist -->
<flags>14</flags>
<fisheye_model>0</fisheye_model>
<camera_matrix type_id="opencv-matrix">
  <rows>3</rows>
  <cols>3</cols>
  <dt>d</dt>
  <data>
    2.2103829349160737e+03 0. 5.3950000000000000e+02 0.
    2.2103829349160737e+03 5.3950000000000000e+02 0. 0. 1.</data></camera_matrix>
<distortion_coefficients type_id="opencv-matrix">
  <rows>5</rows>
  <cols>1</cols>
  <dt>d</dt>
  <data>
    -2.5440762538298389e-01 -9.3380764844633013e-01 0. 0.
    5.5595874526961616e+01</data></distortion_coefficients>
<avg_reprojection_error>6.3670742400042102e-01</avg_reprojection_error>
<per_view_reprojection_errors type_id="opencv-matrix">
  <rows>25</rows>
  <cols>1</cols>
  <dt>f</dt>
  <data>
    5.86984634e-01 7.08095312e-01 7.48679698e-01 7.16674209e-01
    7.09939361e-01 6.36099875e-01 5.24532139e-01 6.81239188e-01
    3.76646608e-01 5.38704813e-01 6.71355009e-01 6.87458217e-01
    5.72783530e-01 7.49192238e-01 6.01674139e-01 7.11518288e-01
    5.41753232e-01 6.31180048e-01 7.79743493e-01 5.36145806e-01
    5.20767093e-01 5.37021518e-01 7.22393095e-01 6.72289193e-01
    5.77220619e-01</data></per_view_reprojection_errors>
<!-- a set of 6-tuples (rotation vector + translation vector) for each view -->
<extrinsic_parameters type_id="opencv-matrix">
  <rows>25</rows>
  <cols>6</cols>
  <dt>d</dt>
  <data>
    -4.4033362395062936e-01 3.4398080736848402e-01
    5.8311944578227037e-01 -7.2448865439453165e+00
    -6.9366421295251923e+00 8.9551662523836598e+01
    -4.4411046728254749e-01 3.6791556904763839e-01
    5.8233307333021145e-01 -7.1897044570593165e+00
    -6.8942962717756942e+00 8.9532422294433687e+01
    -4.7591107675671906e-01 5.0659509379166101e-01
    4.5689140035388942e-01 -8.5842349079394502e+00
    -7.3528014290486290e+00 8.8956901990573485e+01
    -6.0122838802573775e-01 3.9231780136580369e-01
    4.7859616930258481e-01 -8.8687886478353875e+00
    -6.8801491475129932e+00 9.0433627041386245e+01
    -4.5299636437391760e-01 4.5947827385897455e-01
    5.1905436342550859e-01 -7.9232899959143772e+00
    -7.3948344975177767e+00 8.8681682065843063e+01
    -4.5243566633537380e-01 2.8228205830929948e-01
    5.2329639522497295e-01 -8.2154721783783469e+00
    -7.4896865996164372e+00 8.8405281971967057e+01
    -4.3403497527891521e-01 5.1711026738760095e-02
    5.2031666499335139e-01 -9.1295098426135013e+00
    -8.0419042816943538e+00 8.7436629244176402e+01
    -6.6616909297777482e-01 2.7457441183070858e-01
    5.8398080331830104e-01 -7.7897370971641706e+00
    -6.3256529398521053e+00 9.0235845339687373e+01
    -1.0599000778678186e-01 1.8390843580863153e-01
    4.6995765392869115e-01 -9.7946923272445705e+00
    -8.6400537232825450e+00 8.3800538140741168e+01
    -2.6315764506430817e-01 3.3429987681054379e-01
    5.1263054214107195e-01 -8.5280784593306649e+00
    -8.0691659544985352e+00 8.5881336094145354e+01
    -4.1975941680026074e-01 5.1522252937882962e-01
    4.8599196753342339e-01 -8.6017158812913639e+00
    -7.8644649082663216e+00 8.8379263980185499e+01
    -5.5450563391517416e-01 3.6597158310249606e-01
    5.9387860350314481e-01 -7.5758617162509712e+00
    -6.5852033059260346e+00 9.0214412344918415e+01
    -5.5676309915631572e-01 2.1026478514626645e-01
    5.1219856857454837e-01 -8.8503557625766707e+00
    -7.2336897520887176e+00 8.9659413297538720e+01
    -4.8471920071836128e-01 5.0833398653018913e-01
    4.7656869204989760e-01 -8.3992160354984353e+00
    -7.1206147259874912e+00 8.9387329283633321e+01
    -3.8552477438925487e-01 3.9033657533771887e-01
    5.0711899085195555e-01 -8.2085326093343625e+00
    -7.7212819343251997e+00 8.8405504153167840e+01
    -4.5913496041144841e-01 4.8833840962848607e-01
    4.7750077888521286e-01 -8.4116788115713668e+00
    -7.2667179555809538e+00 8.9266051194458129e+01
    -4.5256051085816157e-01 1.9651726329774674e-01
    4.7967174372258808e-01 -9.4052787871618406e+00
    -7.7254265756045246e+00 8.8451774752687996e+01
    -5.8179803810117259e-01 2.5800458223522271e-01
    4.7057888900905814e-01 -9.3588727120274147e+00
    -6.9935063872831433e+00 8.9813996446059861e+01
    -2.6249811772878273e-01 6.0900345784819410e-01
    4.2295297419649924e-01 -9.1924619496038744e+00
    -8.1157278638273738e+00 8.7543695023255623e+01
    -5.0021108472172893e-01 9.3575313903382779e-02
    5.5843313331223576e-01 -8.0859473913235149e+00
    -7.0469812092562174e+00 8.8602253613007889e+01
    -4.4607316131931624e-01 2.2107063643840807e-01
    5.8399484181534678e-01 -7.8400534757530220e+00
    -7.4070351148031088e+00 8.8756500537626124e+01
    -5.2535051728773952e-01 1.2600253525571775e-01
    5.6919584689584046e-01 -8.2903877654904061e+00
    -7.3464623138562759e+00 8.8655458880900440e+01
    -3.2643671628906074e-01 5.5838053412686040e-01
    5.5262813191781102e-01 -7.1213822856095046e+00
    -7.2869193998918051e+00 8.7449409429887908e+01
    -5.9015658076056043e-01 3.5777628503881787e-01
    5.4335534909149907e-01 -7.5876910287935564e+00
    -5.8422120018912072e+00 8.9443537169873665e+01
    -4.7933122787437227e-01 2.6394504716550360e-01
    5.1510712415959747e-01 -8.6748153796282299e+00
    -7.1545080623198372e+00 8.8284293223453972e+01</data></extrinsic_parameters>
