<?xml version="1.0"?>
<opencv_storage>
<calibration_time>"Tue Mar 10 13:28:02 2020"</calibration_time>
<nr_of_frames>25</nr_of_frames>
<image_width>1080</image_width>
<image_height>1080</image_height>
<board_width>9</board_width>
<board_height>7</board_height>
<square_size>1.6000000238418579e+00</square_size>
<fix_aspect_ratio>1.</fix_aspect_ratio>
<!-- flags: +fix_aspectRatio +fix_principal_point +zero_tangent_dist -->
<flags>14</flags>
<fisheye_model>0</fisheye_model>
<camera_matrix type_id="opencv-matrix">
  <rows>3</rows>
  <cols>3</cols>
  <dt>d</dt>
  <data>
    2.4433574179774428e+03 0. 5.3950000000000000e+02 0.
    2.4433574179774428e+03 5.3950000000000000e+02 0. 0. 1.</data></camera_matrix>
<distortion_coefficients type_id="opencv-matrix">
  <rows>5</rows>
  <cols>1</cols>
  <dt>d</dt>
  <data>
    -8.7298009466552617e-01 1.5664547402220546e+01 0. 0.
    -1.6097016512065775e+02</data></distortion_coefficients>
<avg_reprojection_error>6.3164562539746727e-01</avg_reprojection_error>
<per_view_reprojection_errors type_id="opencv-matrix">
  <rows>25</rows>
  <cols>1</cols>
  <dt>f</dt>
  <data>
    6.25907362e-01 6.84046388e-01 4.93889749e-01 5.94635665e-01
    5.67558348e-01 7.23161340e-01 8.94715011e-01 6.84134603e-01
    2.45255798e-01 9.15114343e-01 7.02753246e-01 4.79123086e-01
    6.28214300e-01 6.83383346e-01 3.83071810e-01 4.84513015e-01
    5.92693985e-01 4.98194963e-01 7.25588322e-01 6.57770872e-01
    4.54318613e-01 7.98462749e-01 3.02389264e-01 7.01294303e-01
    7.44023979e-01</data></per_view_reprojection_errors>
<!-- a set of 6-tuples (rotation vector + translation vector) for each view -->
<extrinsic_parameters type_id="opencv-matrix">
  <rows>25</rows>
  <cols>6</cols>
  <dt>d</dt>
  <data>
    -5.5035268111467672e-01 6.8452833079608022e-01
    2.5057017209425552e+00 1.7833895093429913e+01 7.1637049669116495e+00
    9.2451235905451568e+01 -5.2041134810790468e-01
    6.7540982801642169e-01 2.5133724581893224e+00 1.7964058758849124e+01
    7.0540667078108976e+00 9.2225162607816529e+01
    -3.4867968895018570e-01 5.4613810560845844e-01
    2.4546928913226327e+00 1.8105489871942108e+01 5.2736200070353014e+00
    8.9798951341403537e+01 -3.9448665093854451e-01
    7.3348956713869140e-01 2.3616948728764657e+00 1.7236054874364086e+01
    5.7159520401810227e+00 9.0630682930345259e+01
    -4.1427478752650543e-01 5.9250047640539072e-01
    2.4968702030263530e+00 1.8323897491542315e+01 5.7840082350304272e+00
    9.0410053285005930e+01 -6.1487092669261445e-01
    6.8466824782179680e-01 2.4257988106144275e+00 1.7944256107439529e+01
    6.2214242701883089e+00 9.1842818617459102e+01
    -8.8017456594455179e-01 7.8106601941554643e-01
    2.3146099747181053e+00 1.7050464868928390e+01 6.9533489635107388e+00
    9.2738415771734950e+01 -4.7294375873255229e-01
    9.2820445113041650e-01 2.3509918819781936e+00 1.7961242838204612e+01
    6.2934512488778456e+00 9.1357473904097176e+01
    -3.0108723204279625e-02 3.2188589580293853e-01
    2.6001711035309496e+00 1.8890777259168065e+01 5.5359768985012066e+00
    8.7884743974819898e+01 -9.5508098388613283e-01
    3.5735833105272113e-01 2.4854450555074448e+00 1.7994641785249712e+01
    6.6008274367010875e+00 9.1820827362434628e+01
    -6.8199950711944501e-01 4.6682869033723418e-01
    2.5306805503150995e+00 1.8798222508179418e+01 6.2106050227871270e+00
    9.1173915731369163e+01 -3.7391988373728130e-01
    5.0944770118620331e-01 2.5083570705866332e+00 1.8108546824334088e+01
    5.5364526773349763e+00 8.9470165994905386e+01
    -4.4824395202592354e-01 7.8831666660474853e-01
    2.4616840409845815e+00 1.7817040576693433e+01 6.9306194037400877e+00
    9.1316938302452598e+01 -6.2211962148697786e-01
    8.0896423562895226e-01 2.3296043724151807e+00 1.7097378778200198e+01
    6.4606446591179418e+00 9.2135465820492286e+01
    -1.5742375957237811e-01 5.2842874608126544e-01
    2.4612505774728373e+00 1.7721396123558918e+01 5.4223277817455333e+00
    8.8968032507630824e+01 -3.4067957360855233e-01
    5.6713047194668265e-01 2.4658419653346604e+00 1.8002515014559037e+01
    5.6674349213784367e+00 9.0029286084312744e+01
    -5.3707547919739129e-01 5.5384132323166746e-01
    2.4941293623642444e+00 1.7917424654625698e+01 6.1421709658104202e+00
    9.1402334660157635e+01 -3.7942890828937281e-01
    5.5371947497100915e-01 2.4725198042747980e+00 1.7923679518972349e+01
    5.7787776925421941e+00 9.0376010987204864e+01
    -7.0943048496920014e-01 6.9561544611143089e-01
    2.3513767058769455e+00 1.7121583297865740e+01 6.5063584388656199e+00
    9.2101784627014354e+01 -5.5391277240710246e-01
    7.7642362015448907e-01 2.3085030509299709e+00 1.7159462581805819e+01
    6.1062740014499788e+00 9.1573528011224255e+01
    -3.6268259389857621e-01 2.6192786101235926e-01
    2.5634424213659517e+00 1.8255885734687002e+01 5.6999468691113035e+00
    8.9433615132918263e+01 -7.8833507958440285e-01
    8.4975536136638030e-01 2.3333643852965351e+00 1.7608232066636873e+01
    7.2087719806724726e+00 9.3356999998529147e+01
    -3.5628372784261120e-02 4.8112290341868319e-01
    2.5752574301881972e+00 1.8560648675819053e+01 5.6125075799630118e+00
    8.8596489071734851e+01 -6.8525524302147600e-01
    7.5413015521434179e-01 2.4460646479452741e+00 1.7616141848995085e+01
    7.1783163348008285e+00 9.2489209678697193e+01
    -7.3479471388436335e-01 8.6615863703797569e-01
    2.3446494939551270e+00 1.7572016282118874e+01 6.9128131869171465e+00
    9.2482549783036603e+01</data></extrinsic_parameters>
